---
layout:     post
title:      深度学习之概率
subtitle:   动手学深度学习
date:       2026-03-04
author:     LXG
header-img: img/post-bg-digital_circuits.jpg
catalog: true
tags:
    - AI
---

## 概率

机器学习的本质是“从历史中寻找规律，并将其应用到未来”。如果一个模型只是记住了过去的数据，而不能对新情况做出判断，那它就只是一个“数据库”，而不是“智能”。

## 基本概率论

```py


import torch

from torch.distributions import multinomial

from d2l import torch as d2l

# 构造一个“公平骰子”的概率分布：6 个面的概率都相同（每个面为 1/6）
# 向量计算形式：fair_probs = [1,1,1,1,1,1] / 6 = [1/6,...,1/6]
# 在代码里等价于：torch.ones(6) / 6
fair_probs = torch.ones(6) / 6

print(fair_probs)

# 从多项分布中采样 1 次（等价于掷 1 次骰子）
# 返回 one-hot 形式的结果张量，例如 [0, 0, 1, 0, 0, 0]
# a = multinomial.Multinomial(1, fair_probs).sample()
# print(a)

# 从多项分布中采样 1000 次（等价于掷 1000 次骰子）
# a = multinomial.Multinomial(1000, fair_probs).sample()
# 结果张量 a 中的每个元素表示对应面出现的次数，例如 [167, 169, 168, 164, 167, 165]
# 向量频率计算：a_prob = a / a.sum()，这里 a.sum() = 1000，所以就是 a / 1000
# print(a/ 1000)


# 进行 500 组实验：每组掷 10 次骰子
# 形状为 (500, 6)，每一行是该组实验里 6 个面的出现次数
# 向量视角：counts[g] 是第 g 组的 6 维计数向量，且 counts[g].sum() = 10
counts = multinomial.Multinomial(10, fair_probs).sample((500,))

print(counts)

# 沿着“组数”方向做累计和：第 t 行表示前 t+1 组实验的累计计数
# 向量累计：cum_counts[t] = counts[:t+1].sum(dim=0)
cum_counts = counts.cumsum(dim=0)

print(cum_counts)

# 将累计计数归一化为概率估计值
# cum_counts.sum(dim=1, keepdims=True) 得到每一时刻的总试验次数（10, 20, ..., 5000）
# estimates 的形状仍是 (500, 6)，表示每个时刻对 6 个面的概率估计
# 向量归一化：estimates[t] = cum_counts[t] / cum_counts[t].sum()
# 代码一次性写法：estimates = cum_counts / cum_counts.sum(dim=1, keepdims=True)
estimates = cum_counts / cum_counts.sum(dim=1, keepdims=True)

# 设置绘图尺寸
d2l.set_figsize((6, 4.5))

# 分别绘制 6 条曲线：每条曲线表示某一面的概率估计随实验次数增加的变化
for i in range(6):
    d2l.plt.plot(estimates[:, i].numpy(),
                 label=("P(die=" + str(i + 1) + ")"))

# 画出理论概率 1/6≈0.167 的参考虚线
# 参考线对应 y = 1/6 ≈ 0.1667
d2l.plt.axhline(y=0.167, color='black', linestyle='dashed')
d2l.plt.gca().set_xlabel('Groups of experiments')
d2l.plt.gca().set_ylabel('Estimated probability')
d2l.plt.legend()

# 在脚本模式下，需显式调用 show() 才会弹出图形窗口
d2l.plt.show()

```

![probability_demo](/images/ai/math/probability_demo.png)

**运行打印**

```bash

tensor([[5., 1., 0., 1., 2., 1.],
        [2., 1., 2., 1., 2., 2.],
        [1., 5., 1., 0., 1., 2.],
        ...,
        [2., 2., 1., 2., 1., 2.],
        [4., 0., 1., 1., 1., 3.],
        [2., 1., 1., 2., 3., 1.]])
        
解释： * 这是最关键的一步。我们不只看单个人的结果，而是把大家的结果累加起来。
第 1 行是第 1 个人的结果（共掷 10 次）。

第 2 行是第 1 + 第 2 个人的结果（共掷 20 次）。

...

第 500 行是所有 500 个人的结果总和（共掷 5000 次）。

tensor([[  5.,   1.,   0.,   1.,   2.,   1.],
        [  7.,   2.,   2.,   2.,   4.,   3.],
        [  8.,   7.,   3.,   2.,   5.,   5.],
        ...,
        [820., 809., 864., 835., 817., 835.],
        [824., 809., 865., 836., 818., 838.],
        [826., 810., 866., 838., 821., 839.]])

解释： * 把累计次数换算成百分比。比如掷了 100 次，其中“点数 1”出现了 15 次，那此时的估计概率就是 $15/100 = 0.15$。随着总次数（分母）从 10 变成 5000，这个百分比会越来越稳定。

tensor([[0.5000, 0.1000, 0.0000, 0.1000, 0.2000, 0.1000],
        [0.3500, 0.1000, 0.1000, 0.1000, 0.2000, 0.1500],
        [0.2667, 0.2333, 0.1000, 0.0667, 0.1667, 0.1667],
        ...,
        [0.1647, 0.1624, 0.1735, 0.1677, 0.1641, 0.1677],
        [0.1651, 0.1621, 0.1733, 0.1675, 0.1639, 0.1679],
        [0.1652, 0.1620, 0.1732, 0.1676, 0.1642, 0.1678]])

```












































